0.1 .517623
0.2 .447859
0.3 .524709
0.4 .519525
0.5 .528801
0.6 .516058
0.7 .516526
0.8 .549279
0.9 .515129
1.0 .489656
1.5 .579270
2.0 .574807
3 .449026
4 .524154
5 .538210
10 .523199
50 .497267
100 .491911
300 .452102
500 .435151
800 .380470
1000 .331603
2000 .415600
3000 .463753
4000 .428865
1e-10 .527347
1e-08 .453025
1e-05 .493652
0.001 .484848
0.01 .603435
0.1 .497369
1e-10 .480767
1e-08 .536092
1e-06 .545388
0.0001 .468099
0.01 .496092
0.1 .566330
0 .510860
1 .512410
2 .571448
3 .532724
4 .586792
5 .589547
False .492192
True .595747
(0.0,) .508543
(0.1,) .552219
(0.3,) .501644
(0.5,) .512430
(0.7,) .466228
(0.9,) .466889
1 .463388
2 .514162
3 .566496
4 .588234
5 .533148
False .493639
True .565877
(100,) .370963
(500,) .429356
(1000,) .514844
(2000,) .504338
(0.2,) .527551
(0.3,) .484275
(0.5,) .496573
(0.7,) .454935
(0.8,) .469998
(0.9,) .463652
(1.0,) .456844
(0.3,) .428731
(0.5,) .541541
(1.0,) .511749
(2.0,) .565001
(5.0,) .537253
0 .483034
0.1 .521473
0.2 .506249
0.3 .558120
0.4 .501913
0.5 .504518
0.6 .445608
0.7 .502775
0.8 .589588
0.9 .474259
1.0 .564904
